0.95 0.99 1000
0       4.219597        1.372079
25      28.850912       0.813885
50      15.697104       0.603400
75      6.488551        0.466322
100     2.391903        0.362416
125     0.827717        0.281865
150     0.275155        0.219238
175     0.088962        0.170528
200     0.028182        0.132640
225     0.008790        0.103170
250     0.002708        0.080248
275     0.000826        0.062419
300     0.000250        0.048551
325     0.000075        0.037764
350     0.000022        0.029373
375     0.000007        0.022847
400     0.000002        0.017771
425     0.000001        0.013823
450     0.000000        0.010752
475     0.000000        0.008363
500     0.000000        0.006505
525     0.000000        0.005060
550     0.000000        0.003935
575     0.000000        0.003061
600     0.000000        0.002381
625     0.000000        0.001852
650     0.000000        0.001441
675     0.000000        0.001120
700     0.000000        0.000872
725     0.000000        0.000678
750     0.000000        0.000527
775     0.000000        0.000410
800     0.000000        0.000319
825     0.000000        0.000248
850     0.000000        0.000193
875     0.000000        0.000150
900     0.000000        0.000117
925     0.000000        0.000091
950     0.000000        0.000071
975     0.000000        0.000055
1000    0.000000        0.000043