3       1.00    5
3       1.01    6
3       1.02    6
3       1.03    6
3       1.04    6
3       1.05    6
3       1.06    6
3       1.07    6
3       1.08    6
3       1.09    6
3       1.10    6
3       1.11    6
3       1.12    6
3       1.13    6
3       1.14    6
3       1.15    6
3       1.16    6
3       1.17    7
3       1.18    7
3       1.19    7
3       1.20    7
3       1.21    6
3       1.22    7
3       1.23    7
3       1.24    7
3       1.25    7
3       1.26    7
3       1.27    7
3       1.28    7
3       1.29    7
3       1.30    7
3       1.31    7
3       1.32    7
3       1.33    7
3       1.34    7
3       1.35    7
3       1.36    7
3       1.37    7
3       1.38    7
3       1.39    7
3       1.40    7
3       1.41    7
3       1.42    7
3       1.43    8
3       1.44    8
3       1.45    8
3       1.46    8
3       1.47    8
3       1.48    8
3       1.49    8
3       1.50    8
3       1.51    8
3       1.52    8
3       1.53    8
3       1.54    8
3       1.55    8
3       1.56    8
3       1.57    8
3       1.58    8
3       1.59    8
3       1.60    8
3       1.61    8
3       1.62    8
3       1.63    8
3       1.64    8
3       1.65    8
3       1.66    8
3       1.67    8
3       1.68    8
3       1.69    8
3       1.70    8
3       1.71    8
3       1.72    8
3       1.73    8
3       1.74    8
3       1.75    8
3       1.76    9
3       1.77    9
3       1.78    9
3       1.79    9
3       1.80    9
3       1.81    9
3       1.82    9
3       1.83    9
3       1.84    9
3       1.85    9
3       1.86    9
3       1.87    10
3       1.88    10
3       1.89    10
3       1.90    10
3       1.91    10
3       1.92    10
3       1.93    10
3       1.94    10
3       1.95    10
3       1.96    10
3       1.97    9
3       1.98    10
3       1.99    10
6       1.00    9
6       1.01    10
6       1.02    9
6       1.03    9
6       1.04    9
6       1.05    9
6       1.06    9
6       1.07    9
6       1.08    9
6       1.09    9
6       1.10    9
6       1.11    9
6       1.12    9
6       1.13    9
6       1.14    9
6       1.15    9
6       1.16    9
6       1.17    9
6       1.18    9
6       1.19    9
6       1.20    9
6       1.21    9
6       1.22    9
6       1.23    9
6       1.24    9
6       1.25    8
6       1.26    8
6       1.27    8
6       1.28    9
6       1.29    9
6       1.30    9
6       1.31    9
6       1.32    9
6       1.33    9
6       1.34    9
6       1.35    9
6       1.36    9
6       1.37    9
6       1.38    9
6       1.39    9
6       1.40    9
6       1.41    9
6       1.42    9
6       1.43    9
6       1.44    9
6       1.45    9
6       1.46    9
6       1.47    9
6       1.48    10
6       1.49    10
6       1.50    10
6       1.51    10
6       1.52    10
6       1.53    10
6       1.54    10
6       1.55    10
6       1.56    10
6       1.57    10
6       1.58    10
6       1.59    10
6       1.60    10
6       1.61    10
6       1.62    10
6       1.63    11
6       1.64    11
6       1.65    11
6       1.66    11
6       1.67    11
6       1.68    11
6       1.69    11
6       1.70    11
6       1.71    11
6       1.72    11
6       1.73    12
6       1.74    12
6       1.75    12
6       1.76    12
6       1.77    12
6       1.78    12
6       1.79    12
6       1.80    12
6       1.81    13
6       1.82    13
6       1.83    13
6       1.84    13
6       1.85    13
6       1.86    13
6       1.87    13
6       1.88    13
6       1.89    13
6       1.90    14
6       1.91    14
6       1.92    14
6       1.93    14
6       1.94    14
6       1.95    15
6       1.96    15
6       1.97    15
6       1.98    15
6       1.99    15
9       1.00    12
9       1.01    13
9       1.02    12
9       1.03    12
9       1.04    12
9       1.05    12
9       1.06    12
9       1.07    12
9       1.08    12
9       1.09    12
9       1.10    12
9       1.11    12
9       1.12    12
9       1.13    12
9       1.14    12
9       1.15    11
9       1.16    11
9       1.17    11
9       1.18    11
9       1.19    11
9       1.20    11
9       1.21    11
9       1.22    11
9       1.23    11
9       1.24    11
9       1.25    11
9       1.26    10
9       1.27    10
9       1.28    10
9       1.29    10
9       1.30    10
9       1.31    10
9       1.32    10
9       1.33    10
9       1.34    10
9       1.35    10
9       1.36    10
9       1.37    10
9       1.38    10
9       1.39    10
9       1.40    10
9       1.41    10
9       1.42    10
9       1.43    10
9       1.44    11
9       1.45    11
9       1.46    11
9       1.47    11
9       1.48    11
9       1.49    11
9       1.50    11
9       1.51    11
9       1.52    11
9       1.53    11
9       1.54    11
9       1.55    11
9       1.56    11
9       1.57    11
9       1.58    11
9       1.59    12
9       1.60    12
9       1.61    12
9       1.62    12
9       1.63    12
9       1.64    12
9       1.65    12
9       1.66    12
9       1.67    13
9       1.68    13
9       1.69    13
9       1.70    13
9       1.71    13
9       1.72    13
9       1.73    13
9       1.74    13
9       1.75    13
9       1.76    13
9       1.77    14
9       1.78    14
9       1.79    14
9       1.80    14
9       1.81    14
9       1.82    14
9       1.83    15
9       1.84    15
9       1.85    15
9       1.86    16
9       1.87    16
9       1.88    16
9       1.89    17
9       1.90    16
9       1.91    17
9       1.92    17
9       1.93    17
9       1.94    17
9       1.95    17
9       1.96    18
9       1.97    18
9       1.98    18
9       1.99    19
12      1.00    16
12      1.01    16
12      1.02    15
12      1.03    15
12      1.04    15
12      1.05    15
12      1.06    15
12      1.07    15
12      1.08    15
12      1.09    15
12      1.10    14
12      1.11    14
12      1.12    14
12      1.13    14
12      1.14    14
12      1.15    14
12      1.16    14
12      1.17    14
12      1.18    14
12      1.19    13
12      1.20    13
12      1.21    13
12      1.22    13
12      1.23    13
12      1.24    13
12      1.25    13
12      1.26    13
12      1.27    13
12      1.28    12
12      1.29    12
12      1.30    12
12      1.31    12
12      1.32    11
12      1.33    11
12      1.34    11
12      1.35    12
12      1.36    12
12      1.37    12
12      1.38    12
12      1.39    12
12      1.40    12
12      1.41    12
12      1.42    12
12      1.43    12
12      1.44    12
12      1.45    12
12      1.46    12
12      1.47    12
12      1.48    12
12      1.49    12
12      1.50    12
12      1.51    12
12      1.52    12
12      1.53    12
12      1.54    12
12      1.55    12
12      1.56    12
12      1.57    12
12      1.58    12
12      1.59    13
12      1.60    13
12      1.61    13
12      1.62    13
12      1.63    13
12      1.64    13
12      1.65    13
12      1.66    13
12      1.67    13
12      1.68    14
12      1.69    14
12      1.70    14
12      1.71    14
12      1.72    14
12      1.73    14
12      1.74    15
12      1.75    15
12      1.76    15
12      1.77    15
12      1.78    15
12      1.79    15
12      1.80    15
12      1.81    16
12      1.82    16
12      1.83    16
12      1.84    16
12      1.85    17
12      1.86    17
12      1.87    18
12      1.88    18
12      1.89    18
12      1.90    19
12      1.91    19
12      1.92    19
12      1.93    19
12      1.94    19
12      1.95    20
12      1.96    21
12      1.97    21
12      1.98    20
12      1.99    22
15      1.00    18
15      1.01    18
15      1.02    18
15      1.03    18
15      1.04    18
15      1.05    18
15      1.06    18
15      1.07    18
15      1.08    17
15      1.09    17
15      1.10    17
15      1.11    17
15      1.12    17
15      1.13    17
15      1.14    16
15      1.15    16
15      1.16    16
15      1.17    16
15      1.18    16
15      1.19    16
15      1.20    16
15      1.21    15
15      1.22    15
15      1.23    15
15      1.24    15
15      1.25    15
15      1.26    15
15      1.27    15
15      1.28    14
15      1.29    14
15      1.30    14
15      1.31    13
15      1.32    13
15      1.33    13
15      1.34    13
15      1.35    13
15      1.36    13
15      1.37    13
15      1.38    13
15      1.39    14
15      1.40    14
15      1.41    14
15      1.42    14
15      1.43    14
15      1.44    14
15      1.45    14
15      1.46    14
15      1.47    14
15      1.48    14
15      1.49    14
15      1.50    13
15      1.51    13
15      1.52    13
15      1.53    13
15      1.54    13
15      1.55    13
15      1.56    14
15      1.57    14
15      1.58    14
15      1.59    14
15      1.60    14
15      1.61    14
15      1.62    14
15      1.63    14
15      1.64    14
15      1.65    14
15      1.66    14
15      1.67    14
15      1.68    14
15      1.69    14
15      1.70    15
15      1.71    15
15      1.72    15
15      1.73    15
15      1.74    15
15      1.75    15
15      1.76    16
15      1.77    16
15      1.78    16
15      1.79    16
15      1.80    16
15      1.81    17
15      1.82    17
15      1.83    17
15      1.84    17
15      1.85    17
15      1.86    18
15      1.87    19
15      1.88    19
15      1.89    19
15      1.90    20
15      1.91    21
15      1.92    21
15      1.93    21
15      1.94    22
15      1.95    22
15      1.96    23
15      1.97    24
15      1.98    24
15      1.99    24
18      1.00    20
18      1.01    21
18      1.02    21
18      1.03    21
18      1.04    21
18      1.05    20
18      1.06    20
18      1.07    20
18      1.08    20
18      1.09    20
18      1.10    20
18      1.11    19
18      1.12    19
18      1.13    19
18      1.14    19
18      1.15    19
18      1.16    18
18      1.17    18
18      1.18    18
18      1.19    18
18      1.20    18
18      1.21    18
18      1.22    17
18      1.23    17
18      1.24    17
18      1.25    17
18      1.26    17
18      1.27    16
18      1.28    16
18      1.29    16
18      1.30    16
18      1.31    15
18      1.32    15
18      1.33    12
18      1.34    14
18      1.35    15
18      1.36    15
18      1.37    15
18      1.38    15
18      1.39    15
18      1.40    15
18      1.41    15
18      1.42    15
18      1.43    15
18      1.44    15
18      1.45    15
18      1.46    15
18      1.47    15
18      1.48    15
18      1.49    15
18      1.50    15
18      1.51    15
18      1.52    15
18      1.53    15
18      1.54    15
18      1.55    15
18      1.56    15
18      1.57    15
18      1.58    15
18      1.59    15
18      1.60    15
18      1.61    15
18      1.62    15
18      1.63    15
18      1.64    15
18      1.65    15
18      1.66    15
18      1.67    15
18      1.68    15
18      1.69    15
18      1.70    15
18      1.71    15
18      1.72    16
18      1.73    16
18      1.74    16
18      1.75    16
18      1.76    16
18      1.77    17
18      1.78    17
18      1.79    17
18      1.80    17
18      1.81    18
18      1.82    18
18      1.83    18
18      1.84    18
18      1.85    19
18      1.86    19
18      1.87    19
18      1.88    20
18      1.89    21
18      1.90    21
18      1.91    22
18      1.92    22
18      1.93    23
18      1.94    24
18      1.95    24
18      1.96    25
18      1.97    26
18      1.98    27
18      1.99    27
21      1.00    26
21      1.01    24
21      1.02    24
21      1.03    23
21      1.04    23
21      1.05    23
21      1.06    23
21      1.07    23
21      1.08    22
21      1.09    22
21      1.10    22
21      1.11    22
21      1.12    21
21      1.13    21
21      1.14    21
21      1.15    21
21      1.16    21
21      1.17    20
21      1.18    20
21      1.19    20
21      1.20    20
21      1.21    19
21      1.22    19
21      1.23    19
21      1.24    19
21      1.25    19
21      1.26    18
21      1.27    18
21      1.28    18
21      1.29    18
21      1.30    17
21      1.31    17
21      1.32    16
21      1.33    15
21      1.34    16
21      1.35    16
21      1.36    17
21      1.37    17
21      1.38    17
21      1.39    17
21      1.40    17
21      1.41    17
21      1.42    17
21      1.43    17
21      1.44    17
21      1.45    17
21      1.46    17
21      1.47    17
21      1.48    17
21      1.49    17
21      1.50    17
21      1.51    17
21      1.52    17
21      1.53    17
21      1.54    17
21      1.55    16
21      1.56    16
21      1.57    16
21      1.58    16
21      1.59    16
21      1.60    16
21      1.61    16
21      1.62    16
21      1.63    16
21      1.64    16
21      1.65    16
21      1.66    16
21      1.67    16
21      1.68    16
21      1.69    16
21      1.70    16
21      1.71    16
21      1.72    16
21      1.73    17
21      1.74    17
21      1.75    17
21      1.76    17
21      1.77    17
21      1.78    17
21      1.79    18
21      1.80    18
21      1.81    18
21      1.82    19
21      1.83    19
21      1.84    19
21      1.85    20
21      1.86    20
21      1.87    20
21      1.88    21
21      1.89    21
21      1.90    22
21      1.91    22
21      1.92    23
21      1.93    24
21      1.94    25
21      1.95    26
21      1.96    27
21      1.97    28
21      1.98    29
21      1.99    31
24      1.00    29
24      1.01    26
24      1.02    26
24      1.03    26
24      1.04    25
24      1.05    25
24      1.06    25
24      1.07    25
24      1.08    25
24      1.09    24
24      1.10    24
24      1.11    24
24      1.12    23
24      1.13    23
24      1.14    23
24      1.15    23
24      1.16    23
24      1.17    22
24      1.18    22
24      1.19    22
24      1.20    21
24      1.21    21
24      1.22    21
24      1.23    21
24      1.24    21
24      1.25    20
24      1.26    20
24      1.27    20
24      1.28    19
24      1.29    19
24      1.30    19
24      1.31    18
24      1.32    17
24      1.33    17
24      1.34    17
24      1.35    18
24      1.36    18
24      1.37    18
24      1.38    18
24      1.39    18
24      1.40    18
24      1.41    18
24      1.42    18
24      1.43    18
24      1.44    18
24      1.45    18
24      1.46    18
24      1.47    18
24      1.48    18
24      1.49    18
24      1.50    18
24      1.51    18
24      1.52    18
24      1.53    18
24      1.54    18
24      1.55    18
24      1.56    18
24      1.57    18
24      1.58    18
24      1.59    18
24      1.60    17
24      1.61    17
24      1.62    17
24      1.63    17
24      1.64    17
24      1.65    17
24      1.66    17
24      1.67    17
24      1.68    17
24      1.69    17
24      1.70    17
24      1.71    17
24      1.72    17
24      1.73    17
24      1.74    17
24      1.75    18
24      1.76    18
24      1.77    18
24      1.78    18
24      1.79    18
24      1.80    18
24      1.81    19
24      1.82    19
24      1.83    19
24      1.84    20
24      1.85    20
24      1.86    21
24      1.87    21
24      1.88    21
24      1.89    22
24      1.90    23
24      1.91    23
24      1.92    25
24      1.93    25
24      1.94    26
24      1.95    27
24      1.96    29
24      1.97    29
24      1.98    31
24      1.99    32
27      1.00    32
27      1.01    28
27      1.02    28
27      1.03    27
27      1.04    27
27      1.05    27
27      1.06    27
27      1.07    27
27      1.08    26
27      1.09    26
27      1.10    26
27      1.11    25
27      1.12    25
27      1.13    25
27      1.14    25
27      1.15    24
27      1.16    24
27      1.17    24
27      1.18    24
27      1.19    23
27      1.20    23
27      1.21    23
27      1.22    23
27      1.23    22
27      1.24    22
27      1.25    22
27      1.26    22
27      1.27    22
27      1.28    21
27      1.29    21
27      1.30    20
27      1.31    20
27      1.32    19
27      1.33    18
27      1.34    18
27      1.35    19
27      1.36    19
27      1.37    20
27      1.38    20
27      1.39    20
27      1.40    20
27      1.41    20
27      1.42    20
27      1.43    20
27      1.44    20
27      1.45    20
27      1.46    20
27      1.47    20
27      1.48    20
27      1.49    20
27      1.50    20
27      1.51    20
27      1.52    20
27      1.53    19
27      1.54    19
27      1.55    19
27      1.56    19
27      1.57    19
27      1.58    19
27      1.59    19
27      1.60    19
27      1.61    19
27      1.62    19
27      1.63    19
27      1.64    19
27      1.65    18
27      1.66    18
27      1.67    18
27      1.68    18
27      1.69    18
27      1.70    18
27      1.71    18
27      1.72    18
27      1.73    18
27      1.74    18
27      1.75    18
27      1.76    19
27      1.77    19
27      1.78    19
27      1.79    19
27      1.80    19
27      1.81    19
27      1.82    20
27      1.83    20
27      1.84    20
27      1.85    21
27      1.86    21
27      1.87    22
27      1.88    22
27      1.89    23
27      1.90    23
27      1.91    24
27      1.92    25
27      1.93    26
27      1.94    27
27      1.95    28
27      1.96    29
27      1.97    32
27      1.98    33
27      1.99    35
30      1.00    35
30      1.01    30
30      1.02    30
30      1.03    29
30      1.04    29
30      1.05    29
30      1.06    29
30      1.07    28
30      1.08    28
30      1.09    28
30      1.10    27
30      1.11    27
30      1.12    27
30      1.13    27
30      1.14    26
30      1.15    26
30      1.16    26
30      1.17    26
30      1.18    25
30      1.19    25
30      1.20    25
30      1.21    24
30      1.22    24
30      1.23    24
30      1.24    24
30      1.25    24
30      1.26    23
30      1.27    23
30      1.28    22
30      1.29    22
30      1.30    21
30      1.31    21
30      1.32    20
30      1.33    19
30      1.34    19
30      1.35    20
30      1.36    21
30      1.37    21
30      1.38    21
30      1.39    21
30      1.40    21
30      1.41    21
30      1.42    21
30      1.43    21
30      1.44    21
30      1.45    21
30      1.46    21
30      1.47    21
30      1.48    21
30      1.49    21
30      1.50    21
30      1.51    21
30      1.52    21
30      1.53    21
30      1.54    21
30      1.55    21
30      1.56    21
30      1.57    20
30      1.58    20
30      1.59    20
30      1.60    20
30      1.61    20
30      1.62    20
30      1.63    20
30      1.64    20
30      1.65    20
30      1.66    20
30      1.67    19
30      1.68    19
30      1.69    19
30      1.70    19
30      1.71    19
30      1.72    19
30      1.73    19
30      1.74    19
30      1.75    19
30      1.76    19
30      1.77    19
30      1.78    19
30      1.79    20
30      1.80    20
30      1.81    20
30      1.82    20
30      1.83    20
30      1.84    21
30      1.85    21
30      1.86    22
30      1.87    22
30      1.88    23
30      1.89    23
30      1.90    24
30      1.91    24
30      1.92    26
30      1.93    27
30      1.94    28
30      1.95    29
30      1.96    31
30      1.97    33
30      1.98    34
30      1.99    37
33      1.00    39
33      1.01    32
33      1.02    32
33      1.03    31
33      1.04    31
33      1.05    31
33      1.06    31
33      1.07    30
33      1.08    30
33      1.09    30
33      1.10    30
33      1.11    29
33      1.12    29
33      1.13    28
33      1.14    28
33      1.15    28
33      1.16    28
33      1.17    27
33      1.18    27
33      1.19    27
33      1.20    27
33      1.21    26
33      1.22    26
33      1.23    26
33      1.24    25
33      1.25    25
33      1.26    25
33      1.27    25
33      1.28    24
33      1.29    23
33      1.30    23
33      1.31    22
33      1.32    21
33      1.33    20
33      1.34    20
33      1.35    21
33      1.36    22
33      1.37    22
33      1.38    22
33      1.39    23
33      1.40    23
33      1.41    23
33      1.42    23
33      1.43    23
33      1.44    23
33      1.45    23
33      1.46    23
33      1.47    23
33      1.48    23
33      1.49    23
33      1.50    23
33      1.51    23
33      1.52    22
33      1.53    22
33      1.54    22
33      1.55    22
33      1.56    22
33      1.57    22
33      1.58    22
33      1.59    22
33      1.60    22
33      1.61    21
33      1.62    21
33      1.63    21
33      1.64    21
33      1.65    21
33      1.66    21
33      1.67    21
33      1.68    21
33      1.69    21
33      1.70    20
33      1.71    20
33      1.72    20
33      1.73    20
33      1.74    20
33      1.75    20
33      1.76    20
33      1.77    20
33      1.78    20
33      1.79    20
33      1.80    20
33      1.81    21
33      1.82    21
33      1.83    21
33      1.84    22
33      1.85    22
33      1.86    22
33      1.87    23
33      1.88    23
33      1.89    24
33      1.90    25
33      1.91    25
33      1.92    26
33      1.93    27
33      1.94    29
33      1.95    30
33      1.96    32
33      1.97    34
33      1.98    36
33      1.99    39
36      1.00    42
36      1.01    34
36      1.02    34
36      1.03    33
36      1.04    33
36      1.05    33
36      1.06    33
36      1.07    32
36      1.08    32
36      1.09    32
36      1.10    32
36      1.11    31
36      1.12    31
36      1.13    30
36      1.14    30
36      1.15    30
36      1.16    29
36      1.17    29
36      1.18    29
36      1.19    29
36      1.20    28
36      1.21    28
36      1.22    28
36      1.23    27
36      1.24    27
36      1.25    27
36      1.26    26
36      1.27    26
36      1.28    25
36      1.29    25
36      1.30    24
36      1.31    24
36      1.32    23
36      1.33    21
36      1.34    22
36      1.35    22
36      1.36    23
36      1.37    24
36      1.38    24
36      1.39    24
36      1.40    24
36      1.41    24
36      1.42    24
36      1.43    24
36      1.44    24
36      1.45    24
36      1.46    24
36      1.47    24
36      1.48    24
36      1.49    24
36      1.50    24
36      1.51    24
36      1.52    24
36      1.53    24
36      1.54    24
36      1.55    23
36      1.56    23
36      1.57    23
36      1.58    23
36      1.59    23
36      1.60    23
36      1.61    23
36      1.62    23
36      1.63    22
36      1.64    22
36      1.65    22
36      1.66    22
36      1.67    22
36      1.68    22
36      1.69    22
36      1.70    22
36      1.71    21
36      1.72    21
36      1.73    21
36      1.74    21
36      1.75    21
36      1.76    21
36      1.77    21
36      1.78    21
36      1.79    21
36      1.80    21
36      1.81    21
36      1.82    21
36      1.83    22
36      1.84    22
36      1.85    22
36      1.86    23
36      1.87    23
36      1.88    23
36      1.89    24
36      1.90    25
36      1.91    26
36      1.92    26
36      1.93    28
36      1.94    29
36      1.95    31
36      1.96    33
36      1.97    35
36      1.98    38
36      1.99    40
39      1.00    45
39      1.01    36
39      1.02    35
39      1.03    35
39      1.04    35
39      1.05    35
39      1.06    34
39      1.07    34
39      1.08    34
39      1.09    34
39      1.10    33
39      1.11    33
39      1.12    33
39      1.13    32
39      1.14    32
39      1.15    32
39      1.16    31
39      1.17    31
39      1.18    31
39      1.19    30
39      1.20    30
39      1.21    30
39      1.22    29
39      1.23    29
39      1.24    28
39      1.25    28
39      1.26    28
39      1.27    27
39      1.28    26
39      1.29    26
39      1.30    25
39      1.31    24
39      1.32    24
39      1.33    23
39      1.34    23
39      1.35    23
39      1.36    24
39      1.37    25
39      1.38    25
39      1.39    25
39      1.40    25
39      1.41    25
39      1.42    26
39      1.43    26
39      1.44    26
39      1.45    26
39      1.46    26
39      1.47    26
39      1.48    25
39      1.49    25
39      1.50    25
39      1.51    25
39      1.52    25
39      1.53    25
39      1.54    25
39      1.55    25
39      1.56    25
39      1.57    25
39      1.58    24
39      1.59    24
39      1.60    24
39      1.61    24
39      1.62    24
39      1.63    24
39      1.64    24
39      1.65    23
39      1.66    23
39      1.67    23
39      1.68    23
39      1.69    23
39      1.70    23
39      1.71    23
39      1.72    22
39      1.73    22
39      1.74    22
39      1.75    22
39      1.76    22
39      1.77    22
39      1.78    22
39      1.79    22
39      1.80    22
39      1.81    22
39      1.82    22
39      1.83    22
39      1.84    22
39      1.85    23
39      1.86    23
39      1.87    24
39      1.88    24
39      1.89    25
39      1.90    25
39      1.91    26
39      1.92    27
39      1.93    28
39      1.94    30
39      1.95    32
39      1.96    34
39      1.97    36
39      1.98    40
39      1.99    42
42      1.00    40
42      1.01    37
42      1.02    37
42      1.03    37
42      1.04    36
42      1.05    36
42      1.06    36
42      1.07    36
42      1.08    35
42      1.09    35
42      1.10    35
42      1.11    35
42      1.12    34
42      1.13    34
42      1.14    33
42      1.15    33
42      1.16    33
42      1.17    32
42      1.18    32
42      1.19    32
42      1.20    32
42      1.21    31
42      1.22    31
42      1.23    30
42      1.24    30
42      1.25    29
42      1.26    29
42      1.27    29
42      1.28    27
42      1.29    27
42      1.30    27
42      1.31    26
42      1.32    25
42      1.33    24
42      1.34    24
42      1.35    24
42      1.36    25
42      1.37    26
42      1.38    26
42      1.39    26
42      1.40    27
42      1.41    27
42      1.42    27
42      1.43    27
42      1.44    27
42      1.45    27
42      1.46    27
42      1.47    27
42      1.48    27
42      1.49    27
42      1.50    27
42      1.51    27
42      1.52    26
42      1.53    26
42      1.54    26
42      1.55    26
42      1.56    26
42      1.57    26
42      1.58    26
42      1.59    26
42      1.60    25
42      1.61    25
42      1.62    25
42      1.63    25
42      1.64    25
42      1.65    25
42      1.66    24
42      1.67    24
42      1.68    24
42      1.69    24
42      1.70    24
42      1.71    24
42      1.72    24
42      1.73    23
42      1.74    23
42      1.75    23
42      1.76    23
42      1.77    23
42      1.78    23
42      1.79    22
42      1.80    22
42      1.81    23
42      1.82    23
42      1.83    23
42      1.84    23
42      1.85    23
42      1.86    24
42      1.87    24
42      1.88    25
42      1.89    25
42      1.90    26
42      1.91    27
42      1.92    28
42      1.93    28
42      1.94    30
42      1.95    32
42      1.96    34
42      1.97    37
42      1.98    39
42      1.99    43
45      1.00    51
45      1.01    39
45      1.02    39
45      1.03    38
45      1.04    38
45      1.05    38
45      1.06    38
45      1.07    37
45      1.08    37
45      1.09    37
45      1.10    36
45      1.11    35
45      1.12    35
45      1.13    35
45      1.14    35
45      1.15    34
45      1.16    34
45      1.17    34
45      1.18    34
45      1.19    33
45      1.20    33
45      1.21    32
45      1.22    31
45      1.23    31
45      1.24    31
45      1.25    30
45      1.26    30
45      1.27    29
45      1.28    29
45      1.29    28
45      1.30    28
45      1.31    27
45      1.32    26
45      1.33    25
45      1.34    25
45      1.35    25
45      1.36    26
45      1.37    27
45      1.38    27
45      1.39    27
45      1.40    28
45      1.41    28
45      1.42    28
45      1.43    28
45      1.44    28
45      1.45    28
45      1.46    28
45      1.47    28
45      1.48    28
45      1.49    28
45      1.50    28
45      1.51    28
45      1.52    28
45      1.53    28
45      1.54    27
45      1.55    27
45      1.56    27
45      1.57    27
45      1.58    27
45      1.59    27
45      1.60    27
45      1.61    27
45      1.62    26
45      1.63    26
45      1.64    26
45      1.65    26
45      1.66    26
45      1.67    25
45      1.68    25
45      1.69    25
45      1.70    25
45      1.71    25
45      1.72    25
45      1.73    24
45      1.74    24
45      1.75    24
45      1.76    24
45      1.77    24
45      1.78    24
45      1.79    23
45      1.80    23
45      1.81    23
45      1.82    23
45      1.83    23
45      1.84    24
45      1.85    24
45      1.86    24
45      1.87    24
45      1.88    25
45      1.89    26
45      1.90    26
45      1.91    27
45      1.92    28
45      1.93    29
45      1.94    31
45      1.95    32
45      1.96    35
45      1.97    38
45      1.98    41
45      1.99    45
48      1.00    54
48      1.01    41
48      1.02    41
48      1.03    40
48      1.04    40
48      1.05    40
48      1.06    39
48      1.07    39
48      1.08    39
48      1.09    38
48      1.10    37
48      1.11    37
48      1.12    37
48      1.13    36
48      1.14    36
48      1.15    36
48      1.16    35
48      1.17    35
48      1.18    35
48      1.19    34
48      1.20    33
48      1.21    33
48      1.22    33
48      1.23    32
48      1.24    32
48      1.25    32
48      1.26    31
48      1.27    30
48      1.28    30
48      1.29    29
48      1.30    29
48      1.31    28
48      1.32    27
48      1.33    26
48      1.34    26
48      1.35    27
48      1.36    27
48      1.37    28
48      1.38    28
48      1.39    28
48      1.40    29
48      1.41    29
48      1.42    30
48      1.43    29
48      1.44    29
48      1.45    29
48      1.46    29
48      1.47    29
48      1.48    29
48      1.49    29
48      1.50    29
48      1.51    29
48      1.52    29
48      1.53    29
48      1.54    29
48      1.55    29
48      1.56    29
48      1.57    28
48      1.58    28
48      1.59    28
48      1.60    28
48      1.61    28
48      1.62    28
48      1.63    27
48      1.64    27
48      1.65    27
48      1.66    27
48      1.67    27
48      1.68    26
48      1.69    26
48      1.70    26
48      1.71    26
48      1.72    26
48      1.73    26
48      1.74    25
48      1.75    25
48      1.76    25
48      1.77    25
48      1.78    25
48      1.79    24
48      1.80    24
48      1.81    24
48      1.82    24
48      1.83    24
48      1.84    24
48      1.85    24
48      1.86    24
48      1.87    25
48      1.88    25
48      1.89    26
48      1.90    27
48      1.91    27
48      1.92    28
48      1.93    29
48      1.94    31
48      1.95    33
48      1.96    35
48      1.97    39
48      1.98    42
48      1.99    46
51      1.00    57
51      1.01    43
51      1.02    42
51      1.03    42
51      1.04    42
51      1.05    41
51      1.06    41
51      1.07    41
51      1.08    40
51      1.09    39
51      1.10    39
51      1.11    39
51      1.12    38
51      1.13    38
51      1.14    38
51      1.15    37
51      1.16    37
51      1.17    36
51      1.18    36
51      1.19    35
51      1.20    35
51      1.21    34
51      1.22    34
51      1.23    34
51      1.24    33
51      1.25    33
51      1.26    32
51      1.27    32
51      1.28    31
51      1.29    31
51      1.30    30
51      1.31    30
51      1.32    28
51      1.33    27
51      1.34    28
51      1.35    28
51      1.36    28
51      1.37    29
51      1.38    29
51      1.39    29
51      1.40    29
51      1.41    31
51      1.42    31
51      1.43    31
51      1.44    31
51      1.45    31
51      1.46    31
51      1.47    30
51      1.48    30
51      1.49    30
51      1.50    30
51      1.51    30
51      1.52    30
51      1.53    30
51      1.54    30
51      1.55    30
51      1.56    30
51      1.57    30
51      1.58    29
51      1.59    29
51      1.60    29
51      1.61    29
51      1.62    29
51      1.63    29
51      1.64    28
51      1.65    28
51      1.66    28
51      1.67    28
51      1.68    28
51      1.69    27
51      1.70    27
51      1.71    27
51      1.72    27
51      1.73    27
51      1.74    26
51      1.75    26
51      1.76    26
51      1.77    26
51      1.78    26
51      1.79    25
51      1.80    25
51      1.81    25
51      1.82    25
51      1.83    25
51      1.84    25
51      1.85    25
51      1.86    25
51      1.87    25
51      1.88    26
51      1.89    26
51      1.90    27
51      1.91    28
51      1.92    29
51      1.93    30
51      1.94    31
51      1.95    33
51      1.96    36
51      1.97    40
51      1.98    43
51      1.99    48
54      1.00    51
54      1.01    45
54      1.02    44
54      1.03    44
54      1.04    44
54      1.05    43
54      1.06    43
54      1.07    42
54      1.08    42
54      1.09    42
54      1.10    41
54      1.11    40
54      1.12    40
54      1.13    39
54      1.14    39
54      1.15    39
54      1.16    38
54      1.17    38
54      1.18    38
54      1.19    37
54      1.20    36
54      1.21    36
54      1.22    36
54      1.23    35
54      1.24    35
54      1.25    34
54      1.26    34
54      1.27    33
54      1.28    33
54      1.29    32
54      1.30    32
54      1.31    31
54      1.32    29
54      1.33    28
54      1.34    29
54      1.35    29
54      1.36    30
54      1.37    30
54      1.38    30
54      1.39    30
54      1.40    30
54      1.41    31
54      1.42    32
54      1.43    32
54      1.44    32
54      1.45    32
54      1.46    32
54      1.47    32
54      1.48    32
54      1.49    31
54      1.50    31
54      1.51    31
54      1.52    31
54      1.53    31
54      1.54    31
54      1.55    31
54      1.56    31
54      1.57    31
54      1.58    31
54      1.59    30
54      1.60    30
54      1.61    30
54      1.62    30
54      1.63    30
54      1.64    30
54      1.65    29
54      1.66    29
54      1.67    29
54      1.68    29
54      1.69    29
54      1.70    28
54      1.71    28
54      1.72    28
54      1.73    28
54      1.74    27
54      1.75    27
54      1.76    27
54      1.77    27
54      1.78    27
54      1.79    26
54      1.80    26
54      1.81    26
54      1.82    26
54      1.83    26
54      1.84    25
54      1.85    26
54      1.86    26
54      1.87    26
54      1.88    26
54      1.89    27
54      1.90    27
54      1.91    28
54      1.92    29
54      1.93    30
54      1.94    32
54      1.95    33
54      1.96    36
54      1.97    40
54      1.98    44
54      1.99    49
57      1.00    60
57      1.01    47
57      1.02    46
57      1.03    46
57      1.04    45
57      1.05    45
57      1.06    45
57      1.07    44
57      1.08    44
57      1.09    43
57      1.10    43
57      1.11    42
57      1.12    42
57      1.13    41
57      1.14    41
57      1.15    40
57      1.16    40
57      1.17    40
57      1.18    39
57      1.19    39
57      1.20    38
57      1.21    37
57      1.22    37
57      1.23    37
57      1.24    36
57      1.25    36
57      1.26    35
57      1.27    35
57      1.28    34
57      1.29    33
57      1.30    33
57      1.31    32
57      1.32    31
57      1.33    29
57      1.34    30
57      1.35    31
57      1.36    31
57      1.37    31
57      1.38    32
57      1.39    32
57      1.40    32
57      1.41    32
57      1.42    33
57      1.43    33
57      1.44    33
57      1.45    33
57      1.46    33
57      1.47    33
57      1.48    33
57      1.49    33
57      1.50    32
57      1.51    32
57      1.52    32
57      1.53    32
57      1.54    32
57      1.55    32
57      1.56    32
57      1.57    32
57      1.58    32
57      1.59    32
57      1.60    32
57      1.61    31
57      1.62    31
57      1.63    31
57      1.64    31
57      1.65    30
57      1.66    30
57      1.67    30
57      1.68    30
57      1.69    30
57      1.70    29
57      1.71    29
57      1.72    29
57      1.73    29
57      1.74    28
57      1.75    28
57      1.76    28
57      1.77    28
57      1.78    27
57      1.79    27
57      1.80    27
57      1.81    27
57      1.82    27
57      1.83    26
57      1.84    26
57      1.85    26
57      1.86    26
57      1.87    27
57      1.88    27
57      1.89    27
57      1.90    28
57      1.91    29
57      1.92    29
57      1.93    31
57      1.94    32
57      1.95    34
57      1.96    37
57      1.97    41
57      1.98    45
57      1.99    51
60      1.00    62
60      1.01    49
60      1.02    48
60      1.03    48
60      1.04    47
60      1.05    47
60      1.06    46
60      1.07    46
60      1.08    46
60      1.09    45
60      1.10    45
60      1.11    44
60      1.12    43
60      1.13    43
60      1.14    42
60      1.15    42
60      1.16    42
60      1.17    41
60      1.18    41
60      1.19    40
60      1.20    40
60      1.21    39
60      1.22    39
60      1.23    38
60      1.24    38
60      1.25    37
60      1.26    37
60      1.27    36
60      1.28    35
60      1.29    35
60      1.30    34
60      1.31    34
60      1.32    32
60      1.33    29
60      1.34    31
60      1.35    32
60      1.36    32
60      1.37    33
60      1.38    33
60      1.39    33
60      1.40    33
60      1.41    33
60      1.42    33
60      1.43    34
60      1.44    34
60      1.45    34
60      1.46    34
60      1.47    34
60      1.48    34
60      1.49    34
60      1.50    34
60      1.51    34
60      1.52    33
60      1.53    33
60      1.54    33
60      1.55    33
60      1.56    33
60      1.57    33
60      1.58    33
60      1.59    33
60      1.60    32
60      1.61    32
60      1.62    32
60      1.63    32
60      1.64    32
60      1.65    32
60      1.66    31
60      1.67    31
60      1.68    31
60      1.69    31
60      1.70    30
60      1.71    30
60      1.72    30
60      1.73    30
60      1.74    29
60      1.75    29
60      1.76    29
60      1.77    29
60      1.78    28
60      1.79    28
60      1.80    28
60      1.81    28
60      1.82    27
60      1.83    27
60      1.84    27
60      1.85    27
60      1.86    27
60      1.87    27
60      1.88    27
60      1.89    27
60      1.90    28
60      1.91    29
60      1.92    30
60      1.93    31
60      1.94    32
60      1.95    34
60      1.96    37
60      1.97    41
60      1.98    46
60      1.99    51